MethodID,Step,Operator,Success,ParentRuntime(ms),ChildRuntime(ms),Reward
1,1,MatchedSwapStatement,false,65.00,-1.00,0.0000
1,2,SwapStatement,false,65.00,-1.00,0.0000
1,3,MatchedDeleteStatement,false,65.00,-1.00,0.0000
1,4,MoveStatement,false,65.00,-1.00,0.0000
1,5,ReplaceStatement,false,65.00,-1.00,0.0000
1,6,BinaryOperatorReplacement,false,65.00,-1.00,0.0000
1,7,MatchedReplaceStatement,false,65.00,-1.00,0.0000
1,8,DeleteStatement,false,65.00,-1.00,0.0000
1,9,CopyStatement,false,65.00,-1.00,0.0000
1,10,UnaryOperatorReplacement,true,65.00,64.00,1.0156
1,11,MatchedCopyStatement,false,64.00,-1.00,0.0000
1,12,UnaryOperatorReplacement,true,64.00,68.00,0.9412
1,13,UnaryOperatorReplacement,true,64.00,64.00,1.0000
1,14,UnaryOperatorReplacement,true,64.00,65.00,0.9846
1,15,DeleteStatement,false,64.00,-1.00,0.0000
1,16,CopyStatement,false,64.00,-1.00,0.0000
1,17,ReplaceStatement,false,64.00,-1.00,0.0000
1,18,SwapStatement,false,64.00,-1.00,0.0000
1,19,MoveStatement,false,64.00,-1.00,0.0000
1,20,MatchedDeleteStatement,false,64.00,-1.00,0.0000
1,21,MatchedCopyStatement,false,64.00,-1.00,0.0000
1,22,MatchedReplaceStatement,false,64.00,-1.00,0.0000
1,23,MatchedSwapStatement,false,64.00,-1.00,0.0000
1,24,BinaryOperatorReplacement,false,64.00,-1.00,0.0000
1,25,UnaryOperatorReplacement,true,64.00,59.00,1.0847
1,26,UnaryOperatorReplacement,true,59.00,63.00,0.9365
1,27,UnaryOperatorReplacement,true,59.00,60.00,0.9833
1,28,UnaryOperatorReplacement,true,59.00,63.00,0.9365
1,29,UnaryOperatorReplacement,true,59.00,60.00,0.9833
1,30,UnaryOperatorReplacement,true,59.00,72.00,0.8194
1,31,DeleteStatement,false,59.00,-1.00,0.0000
1,32,CopyStatement,false,59.00,-1.00,0.0000
1,33,ReplaceStatement,false,59.00,-1.00,0.0000
1,34,SwapStatement,false,59.00,-1.00,0.0000
1,35,MoveStatement,false,59.00,-1.00,0.0000
1,36,MatchedDeleteStatement,false,59.00,-1.00,0.0000
1,37,MatchedCopyStatement,false,59.00,-1.00,0.0000
1,38,MatchedReplaceStatement,false,59.00,-1.00,0.0000
1,39,MatchedSwapStatement,false,59.00,-1.00,0.0000
1,40,BinaryOperatorReplacement,false,59.00,-1.00,0.0000
1,41,UnaryOperatorReplacement,true,59.00,64.00,0.9219
1,42,UnaryOperatorReplacement,true,59.00,65.00,0.9077
1,43,UnaryOperatorReplacement,true,59.00,63.00,0.9365
1,44,UnaryOperatorReplacement,true,59.00,62.00,0.9516
1,45,UnaryOperatorReplacement,true,59.00,61.00,0.9672
1,46,UnaryOperatorReplacement,true,59.00,62.00,0.9516
1,47,UnaryOperatorReplacement,true,59.00,61.00,0.9672
1,48,UnaryOperatorReplacement,true,59.00,61.00,0.9672
1,49,UnaryOperatorReplacement,true,59.00,61.00,0.9672
1,50,DeleteStatement,false,59.00,-1.00,0.0000
1,51,CopyStatement,false,59.00,-1.00,0.0000
1,52,ReplaceStatement,false,59.00,-1.00,0.0000
1,53,SwapStatement,false,59.00,-1.00,0.0000
1,54,MoveStatement,false,59.00,-1.00,0.0000
1,55,MatchedDeleteStatement,false,59.00,-1.00,0.0000
1,56,MatchedCopyStatement,true,59.00,60.00,0.9833
1,57,MatchedCopyStatement,false,59.00,-1.00,0.0000
1,58,MatchedReplaceStatement,false,59.00,-1.00,0.0000
1,59,MatchedSwapStatement,false,59.00,-1.00,0.0000
1,60,BinaryOperatorReplacement,false,59.00,-1.00,0.0000
1,61,UnaryOperatorReplacement,true,59.00,62.00,0.9516
1,62,UnaryOperatorReplacement,true,59.00,64.00,0.9219
1,63,UnaryOperatorReplacement,true,59.00,63.00,0.9365
1,64,UnaryOperatorReplacement,true,59.00,61.00,0.9672
1,65,UnaryOperatorReplacement,true,59.00,60.00,0.9833
1,66,UnaryOperatorReplacement,true,59.00,65.00,0.9077
1,67,UnaryOperatorReplacement,true,59.00,63.00,0.9365
1,68,UnaryOperatorReplacement,true,59.00,62.00,0.9516
1,69,UnaryOperatorReplacement,true,59.00,61.00,0.9672
1,70,UnaryOperatorReplacement,true,59.00,63.00,0.9365
1,71,MatchedCopyStatement,false,59.00,-1.00,0.0000
1,72,UnaryOperatorReplacement,true,59.00,63.00,0.9365
1,73,UnaryOperatorReplacement,true,59.00,64.00,0.9219
1,74,UnaryOperatorReplacement,true,59.00,60.00,0.9833
1,75,UnaryOperatorReplacement,true,59.00,62.00,0.9516
1,76,DeleteStatement,false,59.00,-1.00,0.0000
1,77,CopyStatement,false,59.00,-1.00,0.0000
1,78,ReplaceStatement,false,59.00,-1.00,0.0000
1,79,SwapStatement,false,59.00,-1.00,0.0000
1,80,MoveStatement,false,59.00,-1.00,0.0000
1,81,MatchedDeleteStatement,false,59.00,-1.00,0.0000
1,82,MatchedReplaceStatement,true,59.00,60.00,0.9833
1,83,MatchedReplaceStatement,false,59.00,-1.00,0.0000
1,84,MatchedSwapStatement,true,59.00,63.00,0.9365
1,85,MatchedSwapStatement,false,59.00,-1.00,0.0000
1,86,BinaryOperatorReplacement,false,59.00,-1.00,0.0000
1,87,UnaryOperatorReplacement,true,59.00,63.00,0.9365
1,88,UnaryOperatorReplacement,true,59.00,61.00,0.9672
1,89,UnaryOperatorReplacement,true,59.00,61.00,0.9672
1,90,UnaryOperatorReplacement,true,59.00,62.00,0.9516
1,91,UnaryOperatorReplacement,true,59.00,64.00,0.9219
1,92,UnaryOperatorReplacement,true,59.00,63.00,0.9365
1,93,UnaryOperatorReplacement,true,59.00,62.00,0.9516
1,94,UnaryOperatorReplacement,true,59.00,63.00,0.9365
1,95,UnaryOperatorReplacement,true,59.00,62.00,0.9516
1,96,UnaryOperatorReplacement,true,59.00,63.00,0.9365
1,97,UnaryOperatorReplacement,true,59.00,63.00,0.9365
1,98,UnaryOperatorReplacement,true,59.00,63.00,0.9365
1,99,UnaryOperatorReplacement,true,59.00,61.00,0.9672
1,100,MatchedCopyStatement,false,59.00,-1.00,0.0000
1,101,MatchedReplaceStatement,true,59.00,60.00,0.9833
1,102,MatchedReplaceStatement,false,59.00,-1.00,0.0000
1,103,UnaryOperatorReplacement,true,59.00,61.00,0.9672
1,104,MatchedSwapStatement,false,59.00,-1.00,0.0000
1,105,UnaryOperatorReplacement,true,59.00,61.00,0.9672
1,106,UnaryOperatorReplacement,true,59.00,63.00,0.9365
1,107,UnaryOperatorReplacement,true,59.00,61.00,0.9672
1,108,UnaryOperatorReplacement,true,59.00,61.00,0.9672
1,109,UnaryOperatorReplacement,true,59.00,62.00,0.9516
1,110,UnaryOperatorReplacement,true,59.00,62.00,0.9516
1,111,UnaryOperatorReplacement,true,59.00,62.00,0.9516
1,112,DeleteStatement,false,59.00,-1.00,0.0000
1,113,CopyStatement,false,59.00,-1.00,0.0000
1,114,ReplaceStatement,false,59.00,-1.00,0.0000
1,115,SwapStatement,false,59.00,-1.00,0.0000
1,116,MoveStatement,true,59.00,61.00,0.9672
1,117,MoveStatement,false,59.00,-1.00,0.0000
1,118,MatchedDeleteStatement,false,59.00,-1.00,0.0000
1,119,BinaryOperatorReplacement,false,59.00,-1.00,0.0000
1,120,UnaryOperatorReplacement,true,59.00,62.00,0.9516
1,121,UnaryOperatorReplacement,true,59.00,77.00,0.7662
1,122,UnaryOperatorReplacement,true,59.00,60.00,0.9833
1,123,UnaryOperatorReplacement,true,59.00,62.00,0.9516
1,124,UnaryOperatorReplacement,true,59.00,62.00,0.9516
1,125,UnaryOperatorReplacement,true,59.00,60.00,0.9833
1,126,UnaryOperatorReplacement,true,59.00,63.00,0.9365
1,127,UnaryOperatorReplacement,true,59.00,64.00,0.9219
1,128,MatchedReplaceStatement,false,59.00,-1.00,0.0000
1,129,UnaryOperatorReplacement,true,59.00,61.00,0.9672
1,130,UnaryOperatorReplacement,true,59.00,62.00,0.9516
1,131,UnaryOperatorReplacement,true,59.00,63.00,0.9365
1,132,UnaryOperatorReplacement,true,59.00,62.00,0.9516
1,133,UnaryOperatorReplacement,true,59.00,61.00,0.9672
1,134,UnaryOperatorReplacement,true,59.00,61.00,0.9672
1,135,UnaryOperatorReplacement,true,59.00,59.00,1.0000
1,136,UnaryOperatorReplacement,true,59.00,61.00,0.9672
1,137,UnaryOperatorReplacement,true,59.00,63.00,0.9365
1,138,MatchedCopyStatement,false,59.00,-1.00,0.0000
1,139,MoveStatement,false,59.00,-1.00,0.0000
1,140,UnaryOperatorReplacement,true,59.00,63.00,0.9365
1,141,MatchedSwapStatement,true,59.00,63.00,0.9365
1,142,MatchedSwapStatement,false,59.00,-1.00,0.0000
1,143,UnaryOperatorReplacement,true,59.00,61.00,0.9672
1,144,UnaryOperatorReplacement,true,59.00,62.00,0.9516
1,145,UnaryOperatorReplacement,true,59.00,61.00,0.9672
1,146,UnaryOperatorReplacement,true,59.00,61.00,0.9672
1,147,UnaryOperatorReplacement,true,59.00,65.00,0.9077
1,148,UnaryOperatorReplacement,true,59.00,61.00,0.9672
1,149,UnaryOperatorReplacement,true,59.00,63.00,0.9365
1,150,UnaryOperatorReplacement,true,59.00,62.00,0.9516
1,151,UnaryOperatorReplacement,true,59.00,62.00,0.9516
1,152,UnaryOperatorReplacement,true,59.00,61.00,0.9672
1,153,UnaryOperatorReplacement,true,59.00,63.00,0.9365
1,154,UnaryOperatorReplacement,true,59.00,62.00,0.9516
1,155,UnaryOperatorReplacement,true,59.00,63.00,0.9365
1,156,DeleteStatement,false,59.00,-1.00,0.0000
1,157,CopyStatement,false,59.00,-1.00,0.0000
1,158,ReplaceStatement,false,59.00,-1.00,0.0000
1,159,SwapStatement,false,59.00,-1.00,0.0000
1,160,MatchedDeleteStatement,false,59.00,-1.00,0.0000
1,161,BinaryOperatorReplacement,false,59.00,-1.00,0.0000
1,162,UnaryOperatorReplacement,true,59.00,61.00,0.9672
1,163,UnaryOperatorReplacement,true,59.00,65.00,0.9077
1,164,UnaryOperatorReplacement,true,59.00,61.00,0.9672
1,165,UnaryOperatorReplacement,true,59.00,60.00,0.9833
1,166,UnaryOperatorReplacement,true,59.00,63.00,0.9365
1,167,UnaryOperatorReplacement,true,59.00,60.00,0.9833
1,168,UnaryOperatorReplacement,true,59.00,64.00,0.9219
1,169,MatchedReplaceStatement,false,59.00,-1.00,0.0000
1,170,UnaryOperatorReplacement,true,59.00,63.00,0.9365
1,171,UnaryOperatorReplacement,true,59.00,63.00,0.9365
1,172,UnaryOperatorReplacement,true,59.00,61.00,0.9672
1,173,UnaryOperatorReplacement,true,59.00,63.00,0.9365
1,174,UnaryOperatorReplacement,true,59.00,62.00,0.9516
1,175,MatchedSwapStatement,false,59.00,-1.00,0.0000
1,176,UnaryOperatorReplacement,true,59.00,62.00,0.9516
1,177,UnaryOperatorReplacement,true,59.00,61.00,0.9672
1,178,UnaryOperatorReplacement,true,59.00,63.00,0.9365
1,179,UnaryOperatorReplacement,true,59.00,62.00,0.9516
1,180,UnaryOperatorReplacement,true,59.00,62.00,0.9516
1,181,UnaryOperatorReplacement,true,59.00,65.00,0.9077
1,182,UnaryOperatorReplacement,true,59.00,62.00,0.9516
1,183,UnaryOperatorReplacement,true,59.00,61.00,0.9672
1,184,UnaryOperatorReplacement,true,59.00,63.00,0.9365
1,185,MatchedCopyStatement,false,59.00,-1.00,0.0000
1,186,UnaryOperatorReplacement,true,59.00,63.00,0.9365
1,187,MoveStatement,false,59.00,-1.00,0.0000
1,188,UnaryOperatorReplacement,true,59.00,61.00,0.9672
1,189,UnaryOperatorReplacement,true,59.00,61.00,0.9672
1,190,UnaryOperatorReplacement,true,59.00,62.00,0.9516
1,191,UnaryOperatorReplacement,true,59.00,61.00,0.9672
1,192,UnaryOperatorReplacement,true,59.00,61.00,0.9672
1,193,UnaryOperatorReplacement,true,59.00,61.00,0.9672
1,194,UnaryOperatorReplacement,true,59.00,61.00,0.9672
1,195,UnaryOperatorReplacement,true,59.00,62.00,0.9516
1,196,UnaryOperatorReplacement,true,59.00,61.00,0.9672
1,197,UnaryOperatorReplacement,true,59.00,61.00,0.9672
1,198,UnaryOperatorReplacement,true,59.00,63.00,0.9365
1,199,UnaryOperatorReplacement,true,59.00,60.00,0.9833
1,200,UnaryOperatorReplacement,true,59.00,62.00,0.9516
1,201,UnaryOperatorReplacement,true,59.00,60.00,0.9833
1,202,UnaryOperatorReplacement,true,59.00,63.00,0.9365
1,203,UnaryOperatorReplacement,true,59.00,63.00,0.9365
1,204,UnaryOperatorReplacement,true,59.00,62.00,0.9516
1,205,UnaryOperatorReplacement,true,59.00,61.00,0.9672
1,206,UnaryOperatorReplacement,true,59.00,60.00,0.9833
1,207,UnaryOperatorReplacement,true,59.00,65.00,0.9077
1,208,UnaryOperatorReplacement,true,59.00,62.00,0.9516
1,209,UnaryOperatorReplacement,true,59.00,62.00,0.9516
1,210,UnaryOperatorReplacement,true,59.00,62.00,0.9516
1,211,UnaryOperatorReplacement,true,59.00,61.00,0.9672
1,212,UnaryOperatorReplacement,true,59.00,61.00,0.9672
1,213,DeleteStatement,false,59.00,-1.00,0.0000
1,214,CopyStatement,false,59.00,-1.00,0.0000
1,215,ReplaceStatement,false,59.00,-1.00,0.0000
1,216,SwapStatement,false,59.00,-1.00,0.0000
1,217,MatchedDeleteStatement,false,59.00,-1.00,0.0000
1,218,BinaryOperatorReplacement,false,59.00,-1.00,0.0000
1,219,UnaryOperatorReplacement,true,59.00,61.00,0.9672
1,220,UnaryOperatorReplacement,true,59.00,63.00,0.9365
1,221,UnaryOperatorReplacement,true,59.00,64.00,0.9219
1,222,MatchedReplaceStatement,false,59.00,-1.00,0.0000
1,223,UnaryOperatorReplacement,true,59.00,63.00,0.9365
1,224,UnaryOperatorReplacement,true,59.00,61.00,0.9672
1,225,UnaryOperatorReplacement,true,59.00,63.00,0.9365
1,226,UnaryOperatorReplacement,true,59.00,63.00,0.9365
1,227,UnaryOperatorReplacement,true,59.00,62.00,0.9516
1,228,UnaryOperatorReplacement,true,59.00,63.00,0.9365
1,229,MatchedSwapStatement,false,59.00,-1.00,0.0000
1,230,UnaryOperatorReplacement,true,59.00,62.00,0.9516
1,231,UnaryOperatorReplacement,true,59.00,63.00,0.9365
1,232,UnaryOperatorReplacement,true,59.00,65.00,0.9077
1,233,UnaryOperatorReplacement,true,59.00,61.00,0.9672
1,234,UnaryOperatorReplacement,true,59.00,62.00,0.9516
1,235,UnaryOperatorReplacement,true,59.00,62.00,0.9516
1,236,UnaryOperatorReplacement,true,59.00,60.00,0.9833
1,237,UnaryOperatorReplacement,true,59.00,62.00,0.9516
1,238,UnaryOperatorReplacement,true,59.00,62.00,0.9516
1,239,UnaryOperatorReplacement,true,59.00,63.00,0.9365
1,240,UnaryOperatorReplacement,true,59.00,63.00,0.9365
1,241,UnaryOperatorReplacement,true,59.00,63.00,0.9365
1,242,UnaryOperatorReplacement,true,59.00,64.00,0.9219
1,243,UnaryOperatorReplacement,true,59.00,64.00,0.9219
1,244,UnaryOperatorReplacement,true,59.00,64.00,0.9219
1,245,UnaryOperatorReplacement,true,59.00,62.00,0.9516
1,246,UnaryOperatorReplacement,true,59.00,62.00,0.9516
1,247,MatchedCopyStatement,false,59.00,-1.00,0.0000
1,248,UnaryOperatorReplacement,true,59.00,63.00,0.9365
1,249,MoveStatement,false,59.00,-1.00,0.0000
1,250,UnaryOperatorReplacement,true,59.00,60.00,0.9833
1,251,UnaryOperatorReplacement,true,59.00,62.00,0.9516
1,252,UnaryOperatorReplacement,true,59.00,62.00,0.9516
1,253,UnaryOperatorReplacement,true,59.00,62.00,0.9516
1,254,UnaryOperatorReplacement,true,59.00,61.00,0.9672
1,255,UnaryOperatorReplacement,true,59.00,61.00,0.9672
1,256,UnaryOperatorReplacement,true,59.00,60.00,0.9833
1,257,UnaryOperatorReplacement,true,59.00,62.00,0.9516
1,258,UnaryOperatorReplacement,true,59.00,62.00,0.9516
1,259,UnaryOperatorReplacement,true,59.00,61.00,0.9672
1,260,UnaryOperatorReplacement,true,59.00,61.00,0.9672
1,261,UnaryOperatorReplacement,true,59.00,62.00,0.9516
1,262,UnaryOperatorReplacement,true,59.00,62.00,0.9516
1,263,UnaryOperatorReplacement,true,59.00,61.00,0.9672
1,264,UnaryOperatorReplacement,true,59.00,62.00,0.9516
1,265,UnaryOperatorReplacement,true,59.00,63.00,0.9365
1,266,UnaryOperatorReplacement,true,59.00,64.00,0.9219
1,267,UnaryOperatorReplacement,true,59.00,62.00,0.9516
1,268,UnaryOperatorReplacement,true,59.00,60.00,0.9833
1,269,UnaryOperatorReplacement,true,59.00,61.00,0.9672
1,270,UnaryOperatorReplacement,true,59.00,61.00,0.9672
1,271,UnaryOperatorReplacement,true,59.00,64.00,0.9219
1,272,UnaryOperatorReplacement,true,59.00,61.00,0.9672
1,273,UnaryOperatorReplacement,true,59.00,64.00,0.9219
1,274,UnaryOperatorReplacement,true,59.00,61.00,0.9672
1,275,UnaryOperatorReplacement,true,59.00,65.00,0.9077
1,276,UnaryOperatorReplacement,true,59.00,64.00,0.9219
1,277,UnaryOperatorReplacement,true,59.00,63.00,0.9365
1,278,UnaryOperatorReplacement,true,59.00,61.00,0.9672
1,279,UnaryOperatorReplacement,true,59.00,63.00,0.9365
1,280,UnaryOperatorReplacement,true,59.00,60.00,0.9833
1,281,UnaryOperatorReplacement,true,59.00,62.00,0.9516
1,282,UnaryOperatorReplacement,true,59.00,62.00,0.9516
1,283,UnaryOperatorReplacement,true,59.00,60.00,0.9833
1,284,UnaryOperatorReplacement,true,59.00,60.00,0.9833
1,285,UnaryOperatorReplacement,true,59.00,62.00,0.9516
1,286,MatchedReplaceStatement,false,59.00,-1.00,0.0000
1,287,UnaryOperatorReplacement,true,59.00,61.00,0.9672
1,288,UnaryOperatorReplacement,true,59.00,63.00,0.9365
1,289,UnaryOperatorReplacement,true,59.00,62.00,0.9516
1,290,UnaryOperatorReplacement,true,59.00,62.00,0.9516
1,291,DeleteStatement,false,59.00,-1.00,0.0000
1,292,CopyStatement,false,59.00,-1.00,0.0000
1,293,ReplaceStatement,false,59.00,-1.00,0.0000
1,294,SwapStatement,false,59.00,-1.00,0.0000
1,295,MatchedDeleteStatement,false,59.00,-1.00,0.0000
1,296,BinaryOperatorReplacement,false,59.00,-1.00,0.0000
1,297,UnaryOperatorReplacement,true,59.00,63.00,0.9365
1,298,UnaryOperatorReplacement,true,59.00,63.00,0.9365
1,299,UnaryOperatorReplacement,true,59.00,61.00,0.9672
1,300,UnaryOperatorReplacement,true,59.00,63.00,0.9365
1,301,MatchedSwapStatement,false,59.00,-1.00,0.0000
1,302,UnaryOperatorReplacement,true,59.00,62.00,0.9516
1,303,UnaryOperatorReplacement,true,59.00,60.00,0.9833
1,304,UnaryOperatorReplacement,true,59.00,65.00,0.9077
1,305,UnaryOperatorReplacement,true,59.00,61.00,0.9672
1,306,UnaryOperatorReplacement,true,59.00,61.00,0.9672
1,307,UnaryOperatorReplacement,true,59.00,64.00,0.9219
1,308,UnaryOperatorReplacement,true,59.00,76.00,0.7763
1,309,UnaryOperatorReplacement,true,59.00,61.00,0.9672
1,310,UnaryOperatorReplacement,true,59.00,61.00,0.9672
1,311,UnaryOperatorReplacement,true,59.00,63.00,0.9365
1,312,UnaryOperatorReplacement,true,59.00,61.00,0.9672
1,313,UnaryOperatorReplacement,true,59.00,61.00,0.9672
1,314,UnaryOperatorReplacement,true,59.00,61.00,0.9672
1,315,UnaryOperatorReplacement,true,59.00,62.00,0.9516
1,316,UnaryOperatorReplacement,true,59.00,62.00,0.9516
1,317,UnaryOperatorReplacement,true,59.00,62.00,0.9516
1,318,UnaryOperatorReplacement,true,59.00,64.00,0.9219
1,319,UnaryOperatorReplacement,true,59.00,71.00,0.8310
1,320,UnaryOperatorReplacement,true,59.00,60.00,0.9833
1,321,UnaryOperatorReplacement,true,59.00,60.00,0.9833
1,322,UnaryOperatorReplacement,true,59.00,60.00,0.9833
1,323,UnaryOperatorReplacement,true,59.00,65.00,0.9077
1,324,UnaryOperatorReplacement,true,59.00,63.00,0.9365
1,325,UnaryOperatorReplacement,true,59.00,65.00,0.9077
1,326,UnaryOperatorReplacement,true,59.00,62.00,0.9516
1,327,UnaryOperatorReplacement,true,59.00,76.00,0.7763
1,328,MatchedCopyStatement,false,59.00,-1.00,0.0000
1,329,UnaryOperatorReplacement,true,59.00,59.00,1.0000
1,330,UnaryOperatorReplacement,true,59.00,77.00,0.7662
1,331,MoveStatement,false,59.00,-1.00,0.0000
1,332,UnaryOperatorReplacement,true,59.00,59.00,1.0000
1,333,UnaryOperatorReplacement,true,59.00,61.00,0.9672
1,334,UnaryOperatorReplacement,true,59.00,61.00,0.9672
1,335,UnaryOperatorReplacement,true,59.00,60.00,0.9833
1,336,UnaryOperatorReplacement,true,59.00,62.00,0.9516
1,337,UnaryOperatorReplacement,true,59.00,60.00,0.9833
1,338,UnaryOperatorReplacement,true,59.00,62.00,0.9516
1,339,UnaryOperatorReplacement,true,59.00,62.00,0.9516
1,340,UnaryOperatorReplacement,true,59.00,61.00,0.9672
1,341,UnaryOperatorReplacement,true,59.00,60.00,0.9833
1,342,UnaryOperatorReplacement,true,59.00,61.00,0.9672
1,343,UnaryOperatorReplacement,true,59.00,61.00,0.9672
1,344,UnaryOperatorReplacement,true,59.00,60.00,0.9833
1,345,UnaryOperatorReplacement,true,59.00,59.00,1.0000
1,346,UnaryOperatorReplacement,true,59.00,66.00,0.8939
1,347,UnaryOperatorReplacement,true,59.00,60.00,0.9833
1,348,UnaryOperatorReplacement,true,59.00,63.00,0.9365
1,349,UnaryOperatorReplacement,true,59.00,61.00,0.9672
1,350,UnaryOperatorReplacement,true,59.00,64.00,0.9219
1,351,UnaryOperatorReplacement,true,59.00,61.00,0.9672
1,352,UnaryOperatorReplacement,true,59.00,62.00,0.9516
1,353,UnaryOperatorReplacement,true,59.00,63.00,0.9365
1,354,UnaryOperatorReplacement,true,59.00,64.00,0.9219
1,355,UnaryOperatorReplacement,true,59.00,64.00,0.9219
1,356,UnaryOperatorReplacement,true,59.00,63.00,0.9365
1,357,UnaryOperatorReplacement,true,59.00,64.00,0.9219
1,358,UnaryOperatorReplacement,true,59.00,65.00,0.9077
1,359,UnaryOperatorReplacement,true,59.00,63.00,0.9365
1,360,UnaryOperatorReplacement,true,59.00,63.00,0.9365
1,361,UnaryOperatorReplacement,true,59.00,63.00,0.9365
1,362,UnaryOperatorReplacement,true,59.00,60.00,0.9833
1,363,UnaryOperatorReplacement,true,59.00,65.00,0.9077
1,364,UnaryOperatorReplacement,true,59.00,63.00,0.9365
1,365,UnaryOperatorReplacement,true,59.00,61.00,0.9672
1,366,UnaryOperatorReplacement,true,59.00,61.00,0.9672
1,367,UnaryOperatorReplacement,true,59.00,93.00,0.6344
1,368,UnaryOperatorReplacement,true,59.00,61.00,0.9672
1,369,UnaryOperatorReplacement,true,59.00,60.00,0.9833
1,370,UnaryOperatorReplacement,true,59.00,67.00,0.8806
1,371,UnaryOperatorReplacement,true,59.00,61.00,0.9672
1,372,UnaryOperatorReplacement,true,59.00,61.00,0.9672
1,373,MatchedReplaceStatement,false,59.00,-1.00,0.0000
1,374,UnaryOperatorReplacement,true,59.00,61.00,0.9672
1,375,UnaryOperatorReplacement,true,59.00,62.00,0.9516
1,376,UnaryOperatorReplacement,true,59.00,63.00,0.9365
1,377,UnaryOperatorReplacement,true,59.00,62.00,0.9516
1,378,UnaryOperatorReplacement,true,59.00,62.00,0.9516
1,379,UnaryOperatorReplacement,true,59.00,62.00,0.9516
1,380,UnaryOperatorReplacement,true,59.00,62.00,0.9516
1,381,UnaryOperatorReplacement,true,59.00,62.00,0.9516
1,382,UnaryOperatorReplacement,true,59.00,62.00,0.9516
1,383,UnaryOperatorReplacement,true,59.00,63.00,0.9365
1,384,UnaryOperatorReplacement,true,59.00,62.00,0.9516
1,385,UnaryOperatorReplacement,true,59.00,64.00,0.9219
1,386,UnaryOperatorReplacement,true,59.00,65.00,0.9077
1,387,UnaryOperatorReplacement,true,59.00,62.00,0.9516
1,388,MatchedSwapStatement,false,59.00,-1.00,0.0000
1,389,UnaryOperatorReplacement,true,59.00,64.00,0.9219
1,390,UnaryOperatorReplacement,true,59.00,63.00,0.9365
1,391,DeleteStatement,false,59.00,-1.00,0.0000
1,392,CopyStatement,false,59.00,-1.00,0.0000
1,393,ReplaceStatement,false,59.00,-1.00,0.0000
1,394,SwapStatement,false,59.00,-1.00,0.0000
1,395,MatchedDeleteStatement,false,59.00,-1.00,0.0000
1,396,BinaryOperatorReplacement,false,59.00,-1.00,0.0000
1,397,UnaryOperatorReplacement,true,59.00,64.00,0.9219
1,398,UnaryOperatorReplacement,true,59.00,64.00,0.9219
1,399,UnaryOperatorReplacement,true,59.00,63.00,0.9365
1,400,UnaryOperatorReplacement,true,59.00,64.00,0.9219
1,401,UnaryOperatorReplacement,true,59.00,60.00,0.9833
1,402,UnaryOperatorReplacement,true,59.00,60.00,0.9833
1,403,UnaryOperatorReplacement,true,59.00,63.00,0.9365
1,404,UnaryOperatorReplacement,true,59.00,61.00,0.9672
1,405,UnaryOperatorReplacement,true,59.00,63.00,0.9365
1,406,UnaryOperatorReplacement,true,59.00,61.00,0.9672
1,407,UnaryOperatorReplacement,true,59.00,61.00,0.9672
1,408,UnaryOperatorReplacement,true,59.00,64.00,0.9219
1,409,UnaryOperatorReplacement,true,59.00,61.00,0.9672
1,410,UnaryOperatorReplacement,true,59.00,62.00,0.9516
1,411,UnaryOperatorReplacement,true,59.00,62.00,0.9516
1,412,UnaryOperatorReplacement,true,59.00,62.00,0.9516
1,413,UnaryOperatorReplacement,true,59.00,63.00,0.9365
1,414,UnaryOperatorReplacement,true,59.00,61.00,0.9672
1,415,UnaryOperatorReplacement,true,59.00,62.00,0.9516
1,416,UnaryOperatorReplacement,true,59.00,61.00,0.9672
1,417,UnaryOperatorReplacement,true,59.00,62.00,0.9516
1,418,UnaryOperatorReplacement,true,59.00,61.00,0.9672
1,419,UnaryOperatorReplacement,true,59.00,63.00,0.9365
1,420,UnaryOperatorReplacement,true,59.00,63.00,0.9365
1,421,UnaryOperatorReplacement,true,59.00,63.00,0.9365
1,422,UnaryOperatorReplacement,true,59.00,60.00,0.9833
1,423,UnaryOperatorReplacement,true,59.00,62.00,0.9516
1,424,UnaryOperatorReplacement,true,59.00,61.00,0.9672
1,425,UnaryOperatorReplacement,true,59.00,61.00,0.9672
1,426,UnaryOperatorReplacement,true,59.00,62.00,0.9516
1,427,UnaryOperatorReplacement,true,59.00,61.00,0.9672
1,428,UnaryOperatorReplacement,true,59.00,62.00,0.9516
1,429,UnaryOperatorReplacement,true,59.00,63.00,0.9365
1,430,UnaryOperatorReplacement,true,59.00,64.00,0.9219
1,431,UnaryOperatorReplacement,true,59.00,63.00,0.9365
1,432,UnaryOperatorReplacement,true,59.00,61.00,0.9672
1,433,UnaryOperatorReplacement,true,59.00,62.00,0.9516
1,434,UnaryOperatorReplacement,true,59.00,63.00,0.9365
1,435,UnaryOperatorReplacement,true,59.00,61.00,0.9672
1,436,UnaryOperatorReplacement,true,59.00,61.00,0.9672
1,437,UnaryOperatorReplacement,true,59.00,62.00,0.9516
1,438,MatchedCopyStatement,false,59.00,-1.00,0.0000
1,439,UnaryOperatorReplacement,true,59.00,61.00,0.9672
1,440,UnaryOperatorReplacement,true,59.00,63.00,0.9365
1,441,UnaryOperatorReplacement,true,59.00,60.00,0.9833
1,442,MoveStatement,false,59.00,-1.00,0.0000
1,443,UnaryOperatorReplacement,true,59.00,61.00,0.9672
1,444,UnaryOperatorReplacement,true,59.00,61.00,0.9672
1,445,UnaryOperatorReplacement,true,59.00,63.00,0.9365
1,446,UnaryOperatorReplacement,true,59.00,96.00,0.6146
1,447,UnaryOperatorReplacement,true,59.00,63.00,0.9365
1,448,UnaryOperatorReplacement,true,59.00,62.00,0.9516
1,449,UnaryOperatorReplacement,true,59.00,65.00,0.9077
1,450,UnaryOperatorReplacement,true,59.00,65.00,0.9077
1,451,UnaryOperatorReplacement,true,59.00,61.00,0.9672
1,452,UnaryOperatorReplacement,true,59.00,73.00,0.8082
1,453,UnaryOperatorReplacement,true,59.00,61.00,0.9672
1,454,UnaryOperatorReplacement,true,59.00,61.00,0.9672
1,455,UnaryOperatorReplacement,true,59.00,62.00,0.9516
1,456,UnaryOperatorReplacement,true,59.00,63.00,0.9365
1,457,UnaryOperatorReplacement,true,59.00,61.00,0.9672
1,458,UnaryOperatorReplacement,true,59.00,63.00,0.9365
1,459,UnaryOperatorReplacement,true,59.00,62.00,0.9516
1,460,UnaryOperatorReplacement,true,59.00,62.00,0.9516
1,461,UnaryOperatorReplacement,true,59.00,61.00,0.9672
1,462,UnaryOperatorReplacement,true,59.00,61.00,0.9672
1,463,UnaryOperatorReplacement,true,59.00,61.00,0.9672
1,464,UnaryOperatorReplacement,true,59.00,62.00,0.9516
1,465,UnaryOperatorReplacement,true,59.00,62.00,0.9516
1,466,UnaryOperatorReplacement,true,59.00,61.00,0.9672
1,467,UnaryOperatorReplacement,true,59.00,62.00,0.9516
1,468,UnaryOperatorReplacement,true,59.00,64.00,0.9219
1,469,UnaryOperatorReplacement,true,59.00,63.00,0.9365
1,470,UnaryOperatorReplacement,true,59.00,62.00,0.9516
1,471,UnaryOperatorReplacement,true,59.00,62.00,0.9516
1,472,UnaryOperatorReplacement,true,59.00,62.00,0.9516
1,473,UnaryOperatorReplacement,true,59.00,62.00,0.9516
1,474,UnaryOperatorReplacement,true,59.00,61.00,0.9672
1,475,UnaryOperatorReplacement,true,59.00,64.00,0.9219
1,476,UnaryOperatorReplacement,true,59.00,63.00,0.9365
1,477,UnaryOperatorReplacement,true,59.00,64.00,0.9219
1,478,UnaryOperatorReplacement,true,59.00,63.00,0.9365
1,479,UnaryOperatorReplacement,true,59.00,63.00,0.9365
1,480,UnaryOperatorReplacement,true,59.00,60.00,0.9833
1,481,UnaryOperatorReplacement,true,59.00,63.00,0.9365
1,482,UnaryOperatorReplacement,true,59.00,63.00,0.9365
1,483,UnaryOperatorReplacement,true,59.00,62.00,0.9516
1,484,UnaryOperatorReplacement,true,59.00,62.00,0.9516
1,485,UnaryOperatorReplacement,true,59.00,65.00,0.9077
1,486,UnaryOperatorReplacement,true,59.00,61.00,0.9672
1,487,UnaryOperatorReplacement,true,59.00,63.00,0.9365
1,488,UnaryOperatorReplacement,true,59.00,65.00,0.9077
1,489,UnaryOperatorReplacement,true,59.00,65.00,0.9077
1,490,UnaryOperatorReplacement,true,59.00,63.00,0.9365
1,491,MatchedReplaceStatement,false,59.00,-1.00,0.0000
1,492,UnaryOperatorReplacement,true,59.00,64.00,0.9219
1,493,UnaryOperatorReplacement,true,59.00,63.00,0.9365
1,494,UnaryOperatorReplacement,true,59.00,63.00,0.9365
1,495,UnaryOperatorReplacement,true,59.00,61.00,0.9672
1,496,UnaryOperatorReplacement,true,59.00,61.00,0.9672
1,497,UnaryOperatorReplacement,true,59.00,63.00,0.9365
1,498,UnaryOperatorReplacement,true,59.00,61.00,0.9672
1,499,UnaryOperatorReplacement,true,59.00,64.00,0.9219
2,1,CopyStatement,false,11.00,-1.00,0.0000
2,2,MoveStatement,false,11.00,-1.00,0.0000
2,3,DeleteStatement,false,11.00,-1.00,0.0000
2,4,MatchedReplaceStatement,false,11.00,-1.00,0.0000
2,5,SwapStatement,false,11.00,-1.00,0.0000
2,6,MatchedCopyStatement,false,11.00,-1.00,0.0000
2,7,ReplaceStatement,false,11.00,-1.00,0.0000
2,8,MatchedDeleteStatement,true,11.00,10.00,1.1000
2,9,BinaryOperatorReplacement,true,10.00,10.00,1.0000
2,10,MatchedSwapStatement,false,10.00,-1.00,0.0000
2,11,UnaryOperatorReplacement,true,10.00,11.00,0.9091
2,12,MatchedDeleteStatement,true,10.00,10.00,1.0000
2,13,BinaryOperatorReplacement,true,10.00,11.00,0.9091
2,14,UnaryOperatorReplacement,true,10.00,10.00,1.0000
2,15,MatchedDeleteStatement,true,10.00,11.00,0.9091
2,16,BinaryOperatorReplacement,true,10.00,10.00,1.0000
2,17,UnaryOperatorReplacement,false,10.00,-1.00,0.0000
2,18,DeleteStatement,true,10.00,11.00,0.9091
2,19,CopyStatement,true,10.00,15.00,0.6667
2,20,ReplaceStatement,false,10.00,-1.00,0.0000
2,21,SwapStatement,false,10.00,-1.00,0.0000
2,22,MoveStatement,true,10.00,10.00,1.0000
2,23,MatchedCopyStatement,true,10.00,11.00,0.9091
2,24,MatchedReplaceStatement,false,10.00,-1.00,0.0000
2,25,MatchedSwapStatement,true,10.00,10.00,1.0000
2,26,MatchedDeleteStatement,true,10.00,10.00,1.0000
2,27,BinaryOperatorReplacement,true,10.00,10.00,1.0000
2,28,MoveStatement,false,10.00,-1.00,0.0000
2,29,MatchedSwapStatement,false,10.00,-1.00,0.0000
2,30,MatchedDeleteStatement,false,10.00,-1.00,0.0000
2,31,DeleteStatement,true,10.00,10.00,1.0000
2,32,MatchedCopyStatement,true,10.00,10.00,1.0000
2,33,BinaryOperatorReplacement,true,10.00,11.00,0.9091
2,34,CopyStatement,true,10.00,11.00,0.9091
2,35,DeleteStatement,true,10.00,10.00,1.0000
2,36,MatchedCopyStatement,true,10.00,10.00,1.0000
2,37,UnaryOperatorReplacement,false,10.00,-1.00,0.0000
2,38,BinaryOperatorReplacement,false,10.00,-1.00,0.0000
2,39,CopyStatement,false,10.00,-1.00,0.0000
2,40,DeleteStatement,true,10.00,14.00,0.7143
2,41,MatchedCopyStatement,true,10.00,11.00,0.9091
2,42,MatchedDeleteStatement,true,10.00,10.00,1.0000
2,43,MatchedCopyStatement,false,10.00,-1.00,0.0000
2,44,MatchedDeleteStatement,true,10.00,10.00,1.0000
2,45,DeleteStatement,true,10.00,10.00,1.0000
2,46,ReplaceStatement,true,10.00,11.00,0.9091
2,47,SwapStatement,false,10.00,-1.00,0.0000
2,48,MatchedReplaceStatement,true,10.00,10.00,1.0000
2,49,MoveStatement,false,10.00,-1.00,0.0000
2,50,MatchedSwapStatement,false,10.00,-1.00,0.0000
2,51,MatchedReplaceStatement,true,10.00,10.00,1.0000
2,52,BinaryOperatorReplacement,true,10.00,12.00,0.8333
2,53,ReplaceStatement,true,10.00,10.00,1.0000
2,54,MatchedDeleteStatement,true,10.00,10.00,1.0000
2,55,DeleteStatement,false,10.00,-1.00,0.0000
2,56,MatchedReplaceStatement,true,10.00,10.00,1.0000
2,57,ReplaceStatement,false,10.00,-1.00,0.0000
2,58,UnaryOperatorReplacement,false,10.00,-1.00,0.0000
2,59,BinaryOperatorReplacement,true,10.00,10.00,1.0000
2,60,MatchedDeleteStatement,true,10.00,10.00,1.0000
2,61,MatchedReplaceStatement,true,10.00,10.00,1.0000
2,62,MatchedDeleteStatement,true,10.00,10.00,1.0000
2,63,BinaryOperatorReplacement,true,10.00,10.00,1.0000
2,64,MatchedReplaceStatement,true,10.00,11.00,0.9091
2,65,CopyStatement,true,10.00,11.00,0.9091
2,66,MatchedCopyStatement,true,10.00,10.00,1.0000
2,67,MatchedDeleteStatement,false,10.00,-1.00,0.0000
2,68,BinaryOperatorReplacement,true,10.00,11.00,0.9091
2,69,MatchedReplaceStatement,false,10.00,-1.00,0.0000
2,70,CopyStatement,true,10.00,10.00,1.0000
2,71,MatchedCopyStatement,false,10.00,-1.00,0.0000
2,72,BinaryOperatorReplacement,true,10.00,11.00,0.9091
2,73,CopyStatement,true,10.00,10.00,1.0000
2,74,DeleteStatement,true,10.00,11.00,0.9091
2,75,CopyStatement,true,10.00,10.00,1.0000
2,76,BinaryOperatorReplacement,true,10.00,10.00,1.0000
2,77,DeleteStatement,false,10.00,-1.00,0.0000
2,78,CopyStatement,true,10.00,10.00,1.0000
2,79,MoveStatement,true,10.00,11.00,0.9091
2,80,MatchedSwapStatement,false,10.00,-1.00,0.0000
2,81,BinaryOperatorReplacement,false,10.00,-1.00,0.0000
2,82,MatchedDeleteStatement,false,10.00,-1.00,0.0000
2,83,SwapStatement,true,10.00,10.00,1.0000
2,84,SwapStatement,true,10.00,12.00,0.8333
2,85,ReplaceStatement,false,10.00,-1.00,0.0000
2,86,MoveStatement,true,10.00,10.00,1.0000
2,87,UnaryOperatorReplacement,true,10.00,10.00,1.0000
2,88,CopyStatement,true,10.00,10.00,1.0000
2,89,MoveStatement,true,10.00,10.00,1.0000
2,90,UnaryOperatorReplacement,true,10.00,10.00,1.0000
2,91,SwapStatement,true,10.00,10.00,1.0000
2,92,SwapStatement,true,10.00,10.00,1.0000
2,93,CopyStatement,true,10.00,10.00,1.0000
2,94,MoveStatement,false,10.00,-1.00,0.0000
2,95,UnaryOperatorReplacement,true,10.00,10.00,1.0000
2,96,SwapStatement,true,10.00,10.00,1.0000
2,97,CopyStatement,true,10.00,10.00,1.0000
2,98,MatchedReplaceStatement,true,10.00,10.00,1.0000
2,99,UnaryOperatorReplacement,true,10.00,10.00,1.0000
2,100,SwapStatement,false,10.00,-1.00,0.0000
2,101,MatchedCopyStatement,true,10.00,10.00,1.0000
2,102,UnaryOperatorReplacement,true,10.00,10.00,1.0000
2,103,MatchedReplaceStatement,false,10.00,-1.00,0.0000
2,104,CopyStatement,false,10.00,-1.00,0.0000
2,105,MatchedCopyStatement,true,10.00,10.00,1.0000
2,106,UnaryOperatorReplacement,true,10.00,10.00,1.0000
2,107,BinaryOperatorReplacement,false,10.00,-1.00,0.0000
2,108,MatchedCopyStatement,true,10.00,12.00,0.8333
2,109,UnaryOperatorReplacement,true,10.00,11.00,0.9091
2,110,DeleteStatement,false,10.00,-1.00,0.0000
2,111,MatchedDeleteStatement,true,10.00,10.00,1.0000
2,112,MatchedDeleteStatement,true,10.00,11.00,0.9091
2,113,MatchedCopyStatement,false,10.00,-1.00,0.0000
2,114,UnaryOperatorReplacement,false,10.00,-1.00,0.0000
2,115,MatchedDeleteStatement,true,10.00,11.00,0.9091
2,116,CopyStatement,false,10.00,-1.00,0.0000
2,117,MatchedDeleteStatement,true,10.00,11.00,0.9091
2,118,MatchedSwapStatement,false,10.00,-1.00,0.0000
2,119,MoveStatement,true,10.00,10.00,1.0000
2,120,ReplaceStatement,true,10.00,10.00,1.0000
2,121,ReplaceStatement,false,10.00,-1.00,0.0000
2,122,MoveStatement,false,10.00,-1.00,0.0000
2,123,BinaryOperatorReplacement,true,10.00,10.00,1.0000
2,124,MatchedReplaceStatement,false,10.00,-1.00,0.0000
2,125,MatchedDeleteStatement,true,10.00,11.00,0.9091
2,126,SwapStatement,false,10.00,-1.00,0.0000
2,127,BinaryOperatorReplacement,true,10.00,11.00,0.9091
2,128,MatchedDeleteStatement,true,10.00,11.00,0.9091
2,129,BinaryOperatorReplacement,false,10.00,-1.00,0.0000
2,130,MatchedDeleteStatement,true,10.00,10.00,1.0000
2,131,UnaryOperatorReplacement,true,10.00,10.00,1.0000
2,132,DeleteStatement,true,10.00,11.00,0.9091
2,133,MatchedCopyStatement,true,10.00,10.00,1.0000
2,134,UnaryOperatorReplacement,false,10.00,-1.00,0.0000
2,135,MatchedDeleteStatement,true,10.00,10.00,1.0000
2,136,MatchedCopyStatement,false,10.00,-1.00,0.0000
2,137,DeleteStatement,true,10.00,10.00,1.0000
2,138,MatchedDeleteStatement,true,10.00,10.00,1.0000
2,139,DeleteStatement,false,10.00,-1.00,0.0000
2,140,MatchedDeleteStatement,true,10.00,14.00,0.7143
2,141,CopyStatement,true,10.00,10.00,1.0000
2,142,CopyStatement,true,10.00,11.00,0.9091
2,143,MatchedDeleteStatement,false,10.00,-1.00,0.0000
2,144,CopyStatement,false,10.00,-1.00,0.0000
2,145,BinaryOperatorReplacement,false,10.00,-1.00,0.0000
2,146,MoveStatement,true,10.00,10.00,1.0000
2,147,MoveStatement,true,10.00,10.00,1.0000
2,148,MatchedReplaceStatement,false,10.00,-1.00,0.0000
2,149,MoveStatement,false,10.00,-1.00,0.0000
2,150,SwapStatement,true,10.00,10.00,1.0000
2,151,SwapStatement,false,10.00,-1.00,0.0000
2,152,ReplaceStatement,false,10.00,-1.00,0.0000
2,153,UnaryOperatorReplacement,false,10.00,-1.00,0.0000
2,154,MatchedCopyStatement,true,10.00,10.00,1.0000
2,155,MatchedCopyStatement,true,10.00,10.00,1.0000
2,156,MatchedSwapStatement,false,10.00,-1.00,0.0000
2,157,MatchedCopyStatement,true,10.00,11.00,0.9091
2,158,MatchedDeleteStatement,true,10.00,10.00,1.0000
2,159,DeleteStatement,true,10.00,10.00,1.0000
2,160,DeleteStatement,true,10.00,11.00,0.9091
2,161,MatchedDeleteStatement,true,10.00,10.00,1.0000
2,162,MatchedCopyStatement,false,10.00,-1.00,0.0000
2,163,MatchedDeleteStatement,true,10.00,10.00,1.0000
2,164,DeleteStatement,true,10.00,11.00,0.9091
2,165,CopyStatement,true,10.00,10.00,1.0000
2,166,MatchedDeleteStatement,true,10.00,10.00,1.0000
2,167,CopyStatement,false,10.00,-1.00,0.0000
2,168,BinaryOperatorReplacement,true,10.00,10.00,1.0000
2,169,DeleteStatement,false,10.00,-1.00,0.0000
2,170,MatchedDeleteStatement,true,10.00,10.00,1.0000
2,171,BinaryOperatorReplacement,true,10.00,11.00,0.9091
2,172,MatchedDeleteStatement,true,10.00,11.00,0.9091
2,173,BinaryOperatorReplacement,false,10.00,-1.00,0.0000
2,174,MatchedDeleteStatement,false,10.00,-1.00,0.0000
2,175,MoveStatement,true,10.00,10.00,1.0000
2,176,MoveStatement,true,10.00,10.00,1.0000
2,177,MoveStatement,false,10.00,-1.00,0.0000
2,178,MatchedReplaceStatement,false,10.00,-1.00,0.0000
2,179,UnaryOperatorReplacement,false,10.00,-1.00,0.0000
2,180,SwapStatement,true,10.00,10.00,1.0000
2,181,SwapStatement,false,10.00,-1.00,0.0000
2,182,MatchedCopyStatement,false,10.00,-1.00,0.0000
2,183,ReplaceStatement,false,10.00,-1.00,0.0000
2,184,MatchedDeleteStatement,true,10.00,10.00,1.0000
2,185,CopyStatement,false,10.00,-1.00,0.0000
2,186,MatchedDeleteStatement,true,10.00,10.00,1.0000
2,187,MatchedDeleteStatement,true,10.00,10.00,1.0000
2,188,DeleteStatement,false,10.00,-1.00,0.0000
2,189,MatchedDeleteStatement,false,10.00,-1.00,0.0000
2,190,BinaryOperatorReplacement,true,10.00,11.00,0.9091
2,191,BinaryOperatorReplacement,true,10.00,10.00,1.0000
2,192,BinaryOperatorReplacement,false,10.00,-1.00,0.0000
2,193,MatchedSwapStatement,false,10.00,-1.00,0.0000
2,194,MoveStatement,true,10.00,11.00,0.9091
2,195,MoveStatement,true,10.00,10.00,1.0000
2,196,MoveStatement,true,10.00,10.00,1.0000
2,197,MoveStatement,true,10.00,10.00,1.0000
2,198,MoveStatement,false,10.00,-1.00,0.0000
2,199,UnaryOperatorReplacement,true,10.00,10.00,1.0000
2,200,UnaryOperatorReplacement,true,10.00,10.00,1.0000
2,201,UnaryOperatorReplacement,true,10.00,10.00,1.0000
2,202,UnaryOperatorReplacement,true,10.00,11.00,0.9091
2,203,UnaryOperatorReplacement,true,10.00,10.00,1.0000
2,204,UnaryOperatorReplacement,true,10.00,10.00,1.0000
2,205,UnaryOperatorReplacement,true,10.00,11.00,0.9091
2,206,SwapStatement,true,10.00,10.00,1.0000
2,207,SwapStatement,false,10.00,-1.00,0.0000
2,208,MatchedReplaceStatement,true,10.00,10.00,1.0000
2,209,MatchedReplaceStatement,false,10.00,-1.00,0.0000
2,210,UnaryOperatorReplacement,false,10.00,-1.00,0.0000
2,211,MatchedDeleteStatement,false,10.00,-1.00,0.0000
2,212,MatchedCopyStatement,false,10.00,-1.00,0.0000
2,213,CopyStatement,false,10.00,-1.00,0.0000
2,214,BinaryOperatorReplacement,true,10.00,10.00,1.0000
2,215,BinaryOperatorReplacement,true,10.00,11.00,0.9091
2,216,DeleteStatement,true,10.00,11.00,0.9091
2,217,DeleteStatement,true,10.00,10.00,1.0000
2,218,DeleteStatement,true,10.00,10.00,1.0000
2,219,DeleteStatement,true,10.00,10.00,1.0000
2,220,DeleteStatement,false,10.00,-1.00,0.0000
2,221,BinaryOperatorReplacement,false,10.00,-1.00,0.0000
2,222,MatchedDeleteStatement,true,10.00,11.00,0.9091
2,223,ReplaceStatement,true,10.00,10.00,1.0000
2,224,ReplaceStatement,true,10.00,10.00,1.0000
2,225,ReplaceStatement,false,10.00,-1.00,0.0000
2,226,MatchedDeleteStatement,true,10.00,10.00,1.0000
2,227,MoveStatement,true,10.00,11.00,0.9091
2,228,MatchedDeleteStatement,true,10.00,10.00,1.0000
2,229,MoveStatement,false,10.00,-1.00,0.0000
2,230,MatchedDeleteStatement,true,10.00,10.00,1.0000
2,231,MatchedDeleteStatement,false,10.00,-1.00,0.0000
2,232,UnaryOperatorReplacement,true,10.00,11.00,0.9091
2,233,UnaryOperatorReplacement,false,10.00,-1.00,0.0000
2,234,MatchedCopyStatement,true,10.00,10.00,1.0000
2,235,MatchedCopyStatement,true,10.00,11.00,0.9091
2,236,MatchedCopyStatement,false,10.00,-1.00,0.0000
2,237,SwapStatement,true,10.00,10.00,1.0000
2,238,SwapStatement,true,10.00,10.00,1.0000
2,239,SwapStatement,false,10.00,-1.00,0.0000
2,240,MatchedReplaceStatement,true,10.00,10.00,1.0000
2,241,MatchedReplaceStatement,false,10.00,-1.00,0.0000
2,242,CopyStatement,false,10.00,-1.00,0.0000
2,243,BinaryOperatorReplacement,false,10.00,-1.00,0.0000
2,244,DeleteStatement,false,10.00,-1.00,0.0000
2,245,MatchedDeleteStatement,true,10.00,11.00,0.9091
2,246,MatchedDeleteStatement,false,10.00,-1.00,0.0000
2,247,MatchedSwapStatement,true,10.00,10.00,1.0000
2,248,MatchedSwapStatement,false,10.00,-1.00,0.0000
2,249,ReplaceStatement,true,10.00,10.00,1.0000
2,250,ReplaceStatement,false,10.00,-1.00,0.0000
2,251,MoveStatement,false,10.00,-1.00,0.0000
2,252,UnaryOperatorReplacement,false,10.00,-1.00,0.0000
2,253,SwapStatement,true,10.00,10.00,1.0000
2,254,SwapStatement,true,10.00,10.00,1.0000
2,255,SwapStatement,true,10.00,10.00,1.0000
2,256,SwapStatement,true,10.00,10.00,1.0000
2,257,SwapStatement,false,10.00,-1.00,0.0000
2,258,MatchedCopyStatement,true,10.00,11.00,0.9091
2,259,MatchedCopyStatement,true,10.00,10.00,1.0000
2,260,MatchedCopyStatement,true,10.00,10.00,1.0000
2,261,MatchedCopyStatement,true,10.00,10.00,1.0000
2,262,MatchedCopyStatement,true,10.00,10.00,1.0000
2,263,MatchedCopyStatement,true,10.00,10.00,1.0000
2,264,MatchedCopyStatement,true,10.00,10.00,1.0000
2,265,MatchedCopyStatement,true,10.00,10.00,1.0000
2,266,MatchedCopyStatement,false,10.00,-1.00,0.0000
2,267,BinaryOperatorReplacement,true,10.00,10.00,1.0000
2,268,BinaryOperatorReplacement,true,10.00,10.00,1.0000
2,269,BinaryOperatorReplacement,false,10.00,-1.00,0.0000
2,270,MatchedDeleteStatement,true,10.00,10.00,1.0000
2,271,MatchedDeleteStatement,true,10.00,10.00,1.0000
2,272,MatchedDeleteStatement,true,10.00,11.00,0.9091
2,273,MatchedReplaceStatement,false,10.00,-1.00,0.0000
2,274,CopyStatement,true,10.00,10.00,1.0000
2,275,CopyStatement,true,10.00,11.00,0.9091
2,276,CopyStatement,true,10.00,11.00,0.9091
2,277,CopyStatement,false,10.00,-1.00,0.0000
2,278,MatchedDeleteStatement,true,10.00,10.00,1.0000
2,279,MatchedDeleteStatement,true,10.00,14.00,0.7143
2,280,DeleteStatement,true,10.00,10.00,1.0000
2,281,DeleteStatement,true,10.00,10.00,1.0000
2,282,DeleteStatement,false,10.00,-1.00,0.0000
2,283,MatchedDeleteStatement,true,10.00,10.00,1.0000
2,284,MatchedDeleteStatement,true,10.00,10.00,1.0000
2,285,MatchedDeleteStatement,false,10.00,-1.00,0.0000
2,286,MatchedSwapStatement,false,10.00,-1.00,0.0000
2,287,SwapStatement,true,10.00,10.00,1.0000
2,288,SwapStatement,true,10.00,10.00,1.0000
2,289,SwapStatement,true,10.00,11.00,0.9091
2,290,SwapStatement,false,10.00,-1.00,0.0000
2,291,ReplaceStatement,false,10.00,-1.00,0.0000
2,292,MatchedCopyStatement,false,10.00,-1.00,0.0000
2,293,UnaryOperatorReplacement,true,10.00,11.00,0.9091
2,294,UnaryOperatorReplacement,false,10.00,-1.00,0.0000
2,295,MoveStatement,false,10.00,-1.00,0.0000
2,296,BinaryOperatorReplacement,true,10.00,11.00,0.9091
2,297,BinaryOperatorReplacement,true,10.00,10.00,1.0000
2,298,BinaryOperatorReplacement,true,10.00,10.00,1.0000
2,299,BinaryOperatorReplacement,true,10.00,10.00,1.0000
2,300,BinaryOperatorReplacement,true,10.00,10.00,1.0000
2,301,BinaryOperatorReplacement,true,10.00,11.00,0.9091
2,302,BinaryOperatorReplacement,true,10.00,10.00,1.0000
2,303,BinaryOperatorReplacement,false,10.00,-1.00,0.0000
2,304,MatchedDeleteStatement,true,10.00,10.00,1.0000
2,305,MatchedDeleteStatement,true,10.00,11.00,0.9091
2,306,DeleteStatement,false,10.00,-1.00,0.0000
2,307,CopyStatement,false,10.00,-1.00,0.0000
2,308,MatchedDeleteStatement,true,10.00,10.00,1.0000
2,309,MatchedDeleteStatement,true,10.00,10.00,1.0000
2,310,MatchedDeleteStatement,false,10.00,-1.00,0.0000
2,311,SwapStatement,false,10.00,-1.00,0.0000
2,312,MatchedReplaceStatement,false,10.00,-1.00,0.0000
2,313,MatchedCopyStatement,false,10.00,-1.00,0.0000
2,314,UnaryOperatorReplacement,true,10.00,10.00,1.0000
2,315,UnaryOperatorReplacement,true,10.00,10.00,1.0000
2,316,UnaryOperatorReplacement,false,10.00,-1.00,0.0000
2,317,BinaryOperatorReplacement,false,10.00,-1.00,0.0000
2,318,MatchedDeleteStatement,true,10.00,11.00,0.9091
2,319,MatchedDeleteStatement,true,10.00,10.00,1.0000
2,320,MatchedDeleteStatement,false,10.00,-1.00,0.0000
2,321,MoveStatement,false,10.00,-1.00,0.0000
2,322,DeleteStatement,false,10.00,-1.00,0.0000
2,323,ReplaceStatement,true,10.00,11.00,0.9091
2,324,ReplaceStatement,false,10.00,-1.00,0.0000
2,325,CopyStatement,false,10.00,-1.00,0.0000
2,326,MatchedDeleteStatement,true,10.00,10.00,1.0000
2,327,MatchedDeleteStatement,false,10.00,-1.00,0.0000
2,328,MatchedCopyStatement,true,10.00,10.00,1.0000
2,329,MatchedCopyStatement,true,10.00,10.00,1.0000
2,330,MatchedCopyStatement,true,10.00,10.00,1.0000
2,331,MatchedCopyStatement,true,10.00,10.00,1.0000
2,332,MatchedCopyStatement,false,10.00,-1.00,0.0000
2,333,UnaryOperatorReplacement,false,10.00,-1.00,0.0000
2,334,BinaryOperatorReplacement,true,10.00,10.00,1.0000
2,335,BinaryOperatorReplacement,true,10.00,10.00,1.0000
2,336,BinaryOperatorReplacement,true,10.00,15.00,0.6667
2,337,SwapStatement,true,10.00,10.00,1.0000
2,338,SwapStatement,false,10.00,-1.00,0.0000
2,339,MatchedSwapStatement,false,10.00,-1.00,0.0000
2,340,BinaryOperatorReplacement,false,10.00,-1.00,0.0000
2,341,MatchedReplaceStatement,false,10.00,-1.00,0.0000
2,342,MatchedDeleteStatement,true,10.00,10.00,1.0000
2,343,MatchedDeleteStatement,true,10.00,10.00,1.0000
2,344,MatchedDeleteStatement,false,10.00,-1.00,0.0000
2,345,MoveStatement,false,10.00,-1.00,0.0000
2,346,MatchedCopyStatement,false,10.00,-1.00,0.0000
2,347,DeleteStatement,true,10.00,10.00,1.0000
2,348,DeleteStatement,false,10.00,-1.00,0.0000
2,349,CopyStatement,false,10.00,-1.00,0.0000
2,350,UnaryOperatorReplacement,true,10.00,11.00,0.9091
2,351,UnaryOperatorReplacement,false,10.00,-1.00,0.0000
2,352,BinaryOperatorReplacement,false,10.00,-1.00,0.0000
2,353,SwapStatement,false,10.00,-1.00,0.0000
2,354,ReplaceStatement,false,10.00,-1.00,0.0000
2,355,MatchedDeleteStatement,false,10.00,-1.00,0.0000
2,356,MatchedCopyStatement,true,10.00,11.00,0.9091
2,357,MatchedCopyStatement,false,10.00,-1.00,0.0000
2,358,MatchedDeleteStatement,false,10.00,-1.00,0.0000
2,359,DeleteStatement,false,10.00,-1.00,0.0000
2,360,BinaryOperatorReplacement,true,10.00,10.00,1.0000
2,361,BinaryOperatorReplacement,true,10.00,10.00,1.0000
2,362,BinaryOperatorReplacement,true,10.00,10.00,1.0000
2,363,BinaryOperatorReplacement,false,10.00,-1.00,0.0000
2,364,MoveStatement,true,10.00,11.00,0.9091
2,365,MoveStatement,false,10.00,-1.00,0.0000
2,366,UnaryOperatorReplacement,true,10.00,11.00,0.9091
2,367,UnaryOperatorReplacement,false,10.00,-1.00,0.0000
2,368,MatchedReplaceStatement,false,10.00,-1.00,0.0000
2,369,CopyStatement,false,10.00,-1.00,0.0000
2,370,SwapStatement,false,10.00,-1.00,0.0000
2,371,MatchedSwapStatement,false,10.00,-1.00,0.0000
2,372,MatchedCopyStatement,false,10.00,-1.00,0.0000
2,373,BinaryOperatorReplacement,true,10.00,10.00,1.0000
2,374,BinaryOperatorReplacement,true,10.00,10.00,1.0000
2,375,BinaryOperatorReplacement,true,10.00,10.00,1.0000
2,376,BinaryOperatorReplacement,true,10.00,11.00,0.9091
2,377,BinaryOperatorReplacement,true,10.00,10.00,1.0000
2,378,BinaryOperatorReplacement,false,10.00,-1.00,0.0000
2,379,MatchedDeleteStatement,true,10.00,10.00,1.0000
2,380,MatchedDeleteStatement,true,10.00,10.00,1.0000
2,381,MatchedDeleteStatement,false,10.00,-1.00,0.0000
2,382,ReplaceStatement,true,10.00,10.00,1.0000
2,383,ReplaceStatement,true,10.00,10.00,1.0000
2,384,ReplaceStatement,false,10.00,-1.00,0.0000
2,385,BinaryOperatorReplacement,true,10.00,10.00,1.0000
2,386,BinaryOperatorReplacement,true,10.00,10.00,1.0000
2,387,BinaryOperatorReplacement,true,10.00,10.00,1.0000
2,388,BinaryOperatorReplacement,true,10.00,10.00,1.0000
2,389,BinaryOperatorReplacement,true,10.00,10.00,1.0000
2,390,BinaryOperatorReplacement,true,10.00,10.00,1.0000
2,391,BinaryOperatorReplacement,false,10.00,-1.00,0.0000
2,392,DeleteStatement,true,10.00,10.00,1.0000
2,393,DeleteStatement,false,10.00,-1.00,0.0000
2,394,UnaryOperatorReplacement,true,10.00,10.00,1.0000
2,395,UnaryOperatorReplacement,true,10.00,10.00,1.0000
2,396,UnaryOperatorReplacement,true,10.00,11.00,0.9091
2,397,UnaryOperatorReplacement,false,10.00,-1.00,0.0000
2,398,MoveStatement,true,10.00,10.00,1.0000
2,399,MoveStatement,true,10.00,11.00,0.9091
2,400,MoveStatement,true,10.00,10.00,1.0000
2,401,MoveStatement,true,10.00,10.00,1.0000
2,402,MoveStatement,true,10.00,10.00,1.0000
2,403,MoveStatement,true,10.00,11.00,0.9091
2,404,MoveStatement,false,10.00,-1.00,0.0000
2,405,MatchedDeleteStatement,false,10.00,-1.00,0.0000
2,406,MoveStatement,true,10.00,10.00,1.0000
2,407,MoveStatement,false,10.00,-1.00,0.0000
2,408,BinaryOperatorReplacement,true,10.00,11.00,0.9091
2,409,BinaryOperatorReplacement,true,10.00,10.00,1.0000
2,410,BinaryOperatorReplacement,false,10.00,-1.00,0.0000
2,411,SwapStatement,false,10.00,-1.00,0.0000
2,412,ReplaceStatement,true,10.00,10.00,1.0000
2,413,ReplaceStatement,false,10.00,-1.00,0.0000
2,414,CopyStatement,true,10.00,10.00,1.0000
2,415,CopyStatement,false,10.00,-1.00,0.0000
2,416,MatchedCopyStatement,true,10.00,10.00,1.0000
2,417,MatchedCopyStatement,true,10.00,10.00,1.0000
2,418,MatchedCopyStatement,false,10.00,-1.00,0.0000
2,419,UnaryOperatorReplacement,true,10.00,10.00,1.0000
2,420,UnaryOperatorReplacement,true,10.00,11.00,0.9091
2,421,UnaryOperatorReplacement,false,10.00,-1.00,0.0000
2,422,MatchedReplaceStatement,false,10.00,-1.00,0.0000
2,423,MatchedDeleteStatement,false,10.00,-1.00,0.0000
2,424,DeleteStatement,true,10.00,10.00,1.0000
2,425,DeleteStatement,true,10.00,10.00,1.0000
2,426,DeleteStatement,true,10.00,11.00,0.9091
2,427,DeleteStatement,true,10.00,10.00,1.0000
2,428,DeleteStatement,false,10.00,-1.00,0.0000
2,429,BinaryOperatorReplacement,true,10.00,10.00,1.0000
2,430,BinaryOperatorReplacement,true,10.00,10.00,1.0000
2,431,BinaryOperatorReplacement,true,10.00,10.00,1.0000
2,432,BinaryOperatorReplacement,true,10.00,10.00,1.0000
2,433,BinaryOperatorReplacement,false,10.00,-1.00,0.0000
2,434,MoveStatement,false,10.00,-1.00,0.0000
2,435,MatchedCopyStatement,true,10.00,10.00,1.0000
2,436,MatchedCopyStatement,true,10.00,13.00,0.7692
2,437,MatchedCopyStatement,false,10.00,-1.00,0.0000
2,438,DeleteStatement,true,10.00,11.00,0.9091
2,439,DeleteStatement,true,10.00,10.00,1.0000
2,440,DeleteStatement,false,10.00,-1.00,0.0000
2,441,CopyStatement,false,10.00,-1.00,0.0000
2,442,MatchedDeleteStatement,true,10.00,10.00,1.0000
2,443,MatchedDeleteStatement,true,10.00,10.00,1.0000
2,444,MatchedDeleteStatement,false,10.00,-1.00,0.0000
2,445,BinaryOperatorReplacement,true,10.00,10.00,1.0000
2,446,BinaryOperatorReplacement,true,10.00,11.00,0.9091
2,447,BinaryOperatorReplacement,true,10.00,10.00,1.0000
2,448,BinaryOperatorReplacement,true,10.00,10.00,1.0000
2,449,BinaryOperatorReplacement,true,10.00,10.00,1.0000
2,450,BinaryOperatorReplacement,true,10.00,10.00,1.0000
2,451,BinaryOperatorReplacement,false,10.00,-1.00,0.0000
2,452,MatchedSwapStatement,true,10.00,10.00,1.0000
2,453,MatchedSwapStatement,true,10.00,10.00,1.0000
2,454,MatchedSwapStatement,true,10.00,10.00,1.0000
2,455,MatchedSwapStatement,true,10.00,10.00,1.0000
2,456,MatchedSwapStatement,false,10.00,-1.00,0.0000
2,457,MatchedSwapStatement,false,10.00,-1.00,0.0000
2,458,UnaryOperatorReplacement,true,10.00,11.00,0.9091
2,459,UnaryOperatorReplacement,false,10.00,-1.00,0.0000
2,460,ReplaceStatement,false,10.00,-1.00,0.0000
2,461,SwapStatement,true,10.00,10.00,1.0000
2,462,SwapStatement,false,10.00,-1.00,0.0000
2,463,MatchedSwapStatement,true,10.00,10.00,1.0000
2,464,MatchedSwapStatement,true,10.00,10.00,1.0000
2,465,MatchedSwapStatement,false,10.00,-1.00,0.0000
2,466,BinaryOperatorReplacement,true,10.00,10.00,1.0000
2,467,BinaryOperatorReplacement,true,10.00,10.00,1.0000
2,468,BinaryOperatorReplacement,true,10.00,11.00,0.9091
2,469,BinaryOperatorReplacement,true,10.00,10.00,1.0000
2,470,BinaryOperatorReplacement,false,10.00,-1.00,0.0000
2,471,MatchedDeleteStatement,true,10.00,10.00,1.0000
2,472,MatchedDeleteStatement,true,10.00,10.00,1.0000
2,473,MatchedDeleteStatement,false,10.00,-1.00,0.0000
2,474,MatchedCopyStatement,true,10.00,10.00,1.0000
2,475,MatchedCopyStatement,false,10.00,-1.00,0.0000
2,476,DeleteStatement,true,10.00,10.00,1.0000
2,477,DeleteStatement,false,10.00,-1.00,0.0000
2,478,MoveStatement,true,10.00,10.00,1.0000
2,479,MoveStatement,false,10.00,-1.00,0.0000
2,480,MatchedSwapStatement,false,10.00,-1.00,0.0000
2,481,BinaryOperatorReplacement,true,10.00,10.00,1.0000
2,482,BinaryOperatorReplacement,false,10.00,-1.00,0.0000
2,483,MatchedReplaceStatement,false,10.00,-1.00,0.0000
2,484,UnaryOperatorReplacement,true,10.00,10.00,1.0000
2,485,UnaryOperatorReplacement,true,10.00,10.00,1.0000
2,486,UnaryOperatorReplacement,true,10.00,10.00,1.0000
2,487,UnaryOperatorReplacement,true,10.00,10.00,1.0000
2,488,UnaryOperatorReplacement,true,10.00,11.00,0.9091
2,489,UnaryOperatorReplacement,false,10.00,-1.00,0.0000
2,490,SwapStatement,false,10.00,-1.00,0.0000
2,491,MatchedDeleteStatement,true,10.00,10.00,1.0000
2,492,MatchedDeleteStatement,false,10.00,-1.00,0.0000
2,493,UnaryOperatorReplacement,true,10.00,10.00,1.0000
2,494,UnaryOperatorReplacement,true,10.00,10.00,1.0000
2,495,UnaryOperatorReplacement,true,10.00,10.00,1.0000
2,496,UnaryOperatorReplacement,false,10.00,-1.00,0.0000
2,497,CopyStatement,false,10.00,-1.00,0.0000
2,498,MatchedCopyStatement,true,10.00,10.00,1.0000
2,499,MatchedCopyStatement,false,10.00,-1.00,0.0000
